[检测区域]
top=11
left=0
bottom=2023
right=3024
[通用参数]
num=1
para1=20.000000
para2=0.000000
para3=0.000000
para4=0.000000
