[检测区域]
top=781
left=3135
bottom=1028
right=3412
[参考区域]
top=798
left=3449
bottom=994
right=3640
[通用参数]
num=4
para1=50.000000
para2=10.000000
para3=0.007886
para4=0.000000
