[检测区域]
top=0
left=0
bottom=0
right=0
[通用参数]
num=6
para1=75.000000
para2=255.000000
para3=20.000000
para4=150000.000000
para5=500000.000000
para6=0.813730
