[检测区域]
top=781
left=15
bottom=1270
right=2790
[参考区域]
top=810
left=2896
bottom=1080
right=3066
[通用参数]
num=7
para1=110.000000
para2=10.000000
para3=70.000000
para4=0.007822
para5=180.000000
para6=40.000000
para7=4.000000


